Contig	Length	Reads	Features	Mismatch %
DN5340_c0_g2_i1	3667	7	0	0.0
DN5505_c0_g1_i14	11546	2	0	0.0
DN5505_c0_g1_i24	4921	10	0	0.027968118
DN3859_c1_g1_i1	5239	1	0	0.0
DN3188_c0_g1_i2	3769	9	0	0.017636685
DN4032_c0_g2_i1	5889	1	0	0.0
DN3962_c0_g1_i4	5866	1	0	0.0
DN5639_c0_g2_i1	4325	4	0	0.019700551
DN2115_c1_g1_i1	4084	2	0	0.0
DN2115_c1_g1_i2	4018	1	0	0.0
DN5595_c1_g1_i2	1310	1	0	0.0
DN5595_c1_g2_i1	667	1	0	0.0
DN5434_c1_g1_i1	2574	1	0	0.0
DN4411_c1_g1_i4	1950	13	0	0.14201663
DN4323_c0_g1_i5	5905	24	0	0.07788162
DN4400_c1_g1_i1	2453	5	0	0.029429074
DN4400_c1_g1_i3	2390	2	0	0.0
DN5732_c2_g1_i11	9060	4	0	0.0
DN5732_c2_g1_i16	9013	4	0	0.010249052
DN5397_c0_g1_i1	1681	1	0	0.0
DN5655_c2_g2_i1	2124	3	0	0.038080733
DN5764_c1_g1_i2	1932	1	0	0.0
DN3560_c0_g1_i1	2666	1	0	0.0
DN5027_c0_g1_i4	9870	1	0	0.0
DN5027_c0_g1_i8	9820	1	0	0.0
DN5109_c1_g1_i1	849	1	0	0.0
DN5543_c1_g1_i3	5662	24	0	0.13127953
DN1685_c0_g2_i1	2957	23	0	0.08322435
DN5639_c2_g1_i1	4156	18	0	0.060299084
DN5102_c0_g1_i1	3142	7	0	0.08609557
DN5503_c1_g1_i2	3464	7	0	0.040469445
DN4780_c2_g1_i1	3284	1	0	0.0
DN3152_c0_g2_i2	2420	1	0	0.0
DN3790_c1_g1_i2	1066	1	0	0.0
DN3790_c1_g1_i3	1189	1	0	0.0
DN98_c0_g2_i1	2168	7	0	0.0
DN4322_c0_g1_i1	4515	1	0	0.0
DN3137_c1_g1_i2	2532	1	0	0.0
DN4636_c1_g1_i4	4650	10	0	0.1737871
DN3965_c0_g2_i1	1955	1	0	0.0
DN4617_c2_g1_i1	6724	18	0	0.09175154
DN3948_c1_g1_i1	3890	6	0	0.019459039
DN5812_c2_g1_i2	4877	1	0	0.0
DN5505_c0_g1_i1	4329	13	0	0.06841817
DN4532_c0_g2_i1	6913	25	0	0.08691529
DN9190_c0_g1_i1	2033	1	0	0.0
DN4205_c1_g1_i2	1606	1	0	0.0
DN4205_c1_g1_i3	1545	1	0	0.0
DN5025_c3_g1_i1	3698	1	0	0.0
DN5756_c0_g1_i13	10215	2	0	0.0
DN5756_c0_g1_i15	10302	4	0	0.009045681
DN4532_c2_g1_i1	2855	1	0	0.0
DN2543_c0_g1_i1	2240	1	0	0.0
DN2543_c0_g1_i3	2145	1	0	0.0
DN8086_c0_g1_i1	4505	1	0	0.0
DN3502_c0_g3_i1	4941	1	0	0.0
DN2643_c0_g1_i1	2935	1	0	0.0
DN2643_c0_g1_i2	3076	1	0	0.0
DN2403_c0_g1_i1	6362	33	0	0.26222536
DN2700_c0_g2_i1	3748	1	0	0.0
DN2700_c0_g2_i2	3692	1	0	0.0
DN5045_c1_g1_i1	7356	16	0	0.18152115
DN2104_c0_g2_i1	2175	1	0	0.0
DN4637_c0_g2_i1	1817	1	0	0.0
DN1184_c1_g1_i1	2799	1	0	0.0
DN5494_c1_g1_i4	10635	38	0	0.07090043
DN5494_c1_g1_i5	9720	2	0	0.0
DN1144_c0_g1_i1	2221	5	0	0.13089006
DN6023_c0_g1_i1	2640	1	0	0.0
DN4315_c1_g1_i1	4593	1	0	0.0
DN5688_c3_g1_i3	5084	1	0	0.0
DN5299_c0_g1_i5	4567	12	0	0.083114006
DN1980_c0_g2_i1	12070	18	0	0.09299442
DN5754_c7_g1_i15	3977	1	0	0.0
DN3330_c1_g1_i1	6133	13	0	0.02245677
DN296_c0_g1_i1	2627	2	0	0.0
DN4339_c1_g1_i3	2266	1	0	0.0
DN4339_c1_g1_i6	2255	1	0	0.0
DN2019_c0_g1_i1	776	1	0	0.0
DN2019_c0_g3_i1	861	1	0	0.0
DN256_c0_g1_i2	6323	13	0	0.08690929
DN1619_c0_g1_i1	6296	35	0	0.10181917
DN4082_c0_g1_i2	6761	8	0	0.047613382
DN5384_c0_g1_i6	12917	18	0	0.0758504
DN5384_c0_g1_i14	12824	23	0	0.043907795
DN5384_c0_g1_i15	12864	9	0	0.020173492
DN3121_c0_g1_i1	4553	19	0	0.11033875
DN1134_c0_g2_i1	912	1	0	0.0
DN5641_c0_g1_i2	5960	9	0	0.062845655
DN5069_c0_g1_i5	4244	3	0	0.08429926
DN5069_c0_g1_i6	4159	7	0	0.017905103
DN5245_c7_g1_i2	7558	22	0	0.21895526
DN3015_c0_g1_i2	1176	1	0	0.0
DN4816_c0_g1_i3	3216	1	0	0.0
DN5794_c6_g1_i14	8471	4	0	0.021941854
DN5689_c2_g1_i1	1322	1	0	0.0
DN5689_c2_g1_i6	3150	1	0	0.0
DN4120_c0_g1_i7	3050	1	0	0.0
DN4120_c0_g1_i9	3284	1	0	0.0
DN5338_c0_g1_i1	2159	1	0	0.0
DN5784_c2_g1_i23	7955	1	0	0.0
DN5214_c0_g1_i1	2503	1	0	0.0
DN5807_c2_g1_i4	7850	5	0	0.045218177
DN5807_c2_g1_i19	7813	3	0	0.024055809
DN5807_c2_g1_i26	7713	2	0	0.0
DN5285_c2_g1_i1	4710	1	0	0.0
DN5452_c3_g3_i7	8918	33	0	0.07163324
DN5452_c3_g3_i18	4362	1	0	0.0
DN6925_c0_g1_i1	3254	1	0	0.0
DN3609_c1_g1_i1	3428	12	0	0.083167
DN5053_c0_g1_i1	4058	3	0	0.0
DN5053_c2_g1_i1	876	1	0	0.0
DN5053_c2_g1_i4	1096	1	0	0.0
DN5053_c2_g1_i8	1093	1	0	0.0
DN3339_c1_g1_i2	4710	1	0	0.0
DN4897_c2_g1_i1	3348	3	0	0.0
DN4897_c2_g2_i1	3525	1	0	0.0
DN4897_c2_g2_i3	3443	1	0	0.0
DN304_c0_g1_i1	7995	10	0	0.058530875
DN304_c0_g2_i1	7938	1	0	0.0
DN5230_c3_g1_i2	4244	1	0	0.0
DN5602_c4_g1_i23	12482	1	0	0.0
DN5602_c4_g1_i37	12532	1	0	0.0
DN5602_c4_g1_i42	12485	1	0	0.0
DN5839_c2_g1_i3	6723	9	0	0.08100914
DN1652_c0_g1_i2	5155	1	0	0.0
DN2876_c1_g1_i4	4321	24	0	0.2524233
DN5415_c2_g2_i2	4414	10	0	0.0
DN5289_c4_g1_i6	1850	1	0	0.0
DN4482_c1_g1_i1	580	1	0	0.0
DN4482_c1_g2_i1	2534	1	0	0.0
DN4482_c1_g2_i2	3441	1	0	0.0
DN5785_c2_g1_i11	4940	3	0	0.0
DN5785_c2_g1_i16	4874	4	0	0.017774617
DN3741_c0_g1_i1	5392	1	0	0.0
DN3741_c0_g1_i5	5584	1	0	0.0
DN4197_c2_g1_i1	2931	3	0	0.0
DN4197_c2_g1_i2	2982	2	0	0.0
DN5300_c4_g1_i1	2997	1	0	0.0
DN5571_c1_g2_i18	12609	14	0	0.018968133
DN4852_c0_g1_i1	8846	1	0	0.0
DN4852_c0_g1_i4	8901	1	0	0.0
DN4852_c0_g1_i5	9585	1	0	0.0
DN3158_c0_g1_i3	6761	2	0	0.0
DN5671_c1_g1_i5	5148	1	0	0.0
DN5671_c1_g1_i7	5092	1	0	0.0
DN5671_c1_g1_i8	5151	1	0	0.0
DN3663_c1_g1_i1	4743	1	0	0.0
DN4623_c0_g1_i16	9314	1	0	0.0
DN4574_c0_g1_i1	6924	2	0	0.0
DN4574_c0_g1_i2	6867	1	0	0.0
DN5358_c1_g1_i29	3371	4	0	0.024271846
DN3685_c0_g1_i2	4501	3	0	0.0
DN5342_c1_g1_i19	10129	2	0	0.0
DN5342_c1_g1_i20	10185	2	0	0.0
DN4162_c0_g1_i2	5742	24	0	0.06082725
DN4162_c0_g1_i6	5827	14	0	0.40232456
DN4345_c0_g1_i1	3593	2	0	0.0
DN5684_c6_g1_i2	3038	1	0	0.0
DN2833_c0_g1_i3	5878	1	0	0.0
DN2833_c0_g1_i4	6025	1	0	0.0
DN1599_c0_g1_i1	974	4	0	0.057903882
DN5225_c0_g2_i21	2628	1	0	0.0
DN5377_c1_g1_i4	3800	9	0	0.017630465
DN5377_c1_g1_i5	3763	1	0	0.0
DN5108_c0_g1_i1	3181	9	0	0.11600928
DN5733_c5_g1_i1	7504	25	0	0.037160907
DN5230_c0_g2_i1	4914	1	0	0.0
DN5611_c0_g1_i1	1458	1	0	0.0
DN5812_c3_g1_i1	4381	1	0	0.0
DN5812_c3_g1_i7	4308	1	0	0.0
DN5781_c6_g1_i8	2413	3	0	0.0
DN5018_c1_g1_i3	4706	1	0	0.0
DN5702_c5_g1_i5	6541	14	0	0.07230658
DN9106_c0_g1_i1	5616	18	0	0.07214264
DN5742_c1_g1_i3	6914	28	0	0.09560932
DN5814_c6_g1_i1	11573	9	0	0.052149296
DN2070_c0_g1_i1	4442	1	0	0.0
DN4067_c0_g2_i2	10195	17	0	0.11337869
DN4067_c0_g2_i9	10402	9	0	0.032709133
DN5255_c1_g1_i19	10013	13	0	0.015473888
DN5255_c1_g1_i28	9956	11	0	0.048204385
DN5404_c0_g1_i3	4159	1	0	0.0
DN5404_c0_g1_i15	4172	1	0	0.0
DN5185_c1_g1_i1	1975	4	0	0.036791757
DN2274_c0_g1_i1	2537	1	0	0.0
DN2274_c0_g1_i4	2591	1	0	0.0
DN3239_c0_g1_i1	1380	2	0	0.0
DN5826_c1_g1_i19	3981	1	0	0.0
DN3093_c0_g1_i1	8340	1	0	0.0
DN1893_c0_g1_i2	6101	1	0	0.0
DN5765_c0_g2_i1	1827	1	0	0.0
DN243_c0_g1_i1	12302	54	0	0.09427663
DN3126_c1_g1_i2	4016	11	0	0.09363296
DN2573_c0_g1_i3	797	3	0	0.1540832
DN5537_c2_g2_i1	1505	1	0	0.0
DN5537_c2_g1_i16	7035	9	0	0.06677797
DN4122_c0_g2_i1	6522	11	0	0.04432624
DN100_c0_g1_i2	3391	3	0	0.0
DN3272_c0_g1_i4	4353	9	0	0.06290297
DN5363_c1_g1_i19	8008	3	0	0.0
DN4800_c2_g1_i1	2400	2	0	0.0
DN4800_c2_g1_i2	2606	1	0	0.0
DN4017_c0_g1_i1	6348	27	0	0.078070104
DN3415_c1_g1_i1	2452	1	0	0.0
DN235_c0_g1_i1	1572	1	0	0.0
DN5631_c2_g1_i2	3317	1	0	0.0
DN5631_c2_g1_i3	4244	1	0	0.0
DN4196_c1_g1_i1	5323	5	0	0.0
DN10007_c0_g1_i1	3474	5	0	0.089345545
DN5199_c4_g1_i1	3253	13	0	0.11462256
DN5781_c4_g3_i1	2968	9	0	0.080434345
DN5258_c0_g1_i1	1740	2	0	0.0
DN5258_c0_g2_i1	1804	5	0	0.106875665
DN1873_c0_g1_i1	2682	1	0	0.0
DN5827_c1_g2_i1	1383	1	0	0.0
DN5842_c1_g5_i1	9248	575	0	0.32938746
DN898_c1_g1_i1	2111	1	0	0.0
DN1909_c0_g1_i1	3233	1	0	0.0
DN1909_c0_g1_i3	3439	1	0	0.0
DN1909_c0_g1_i4	3389	1	0	0.0
DN4112_c0_g1_i2	2665	1	0	0.0
DN5706_c2_g1_i2	5223	30	0	0.15302835
DN5017_c0_g1_i2	3203	6	0	0.0
DN5460_c2_g1_i3	3353	3	0	0.0
DN5460_c2_g1_i5	9688	2	0	0.0
DN5460_c2_g1_i7	9758	1	0	0.0
DN10896_c0_g1_i1	5475	1	0	0.0
DN5566_c3_g1_i7	2866	1	0	0.0
DN3035_c0_g1_i1	2651	1	0	0.0
DN1514_c0_g1_i1	4681	1	0	0.0
DN4710_c2_g2_i1	5183	7	0	0.0
DN4175_c0_g1_i3	4117	1	0	0.0
DN5134_c2_g1_i1	2131	1	0	0.0
DN11070_c0_g1_i1	5171	16	0	0.15992689
DN4326_c0_g1_i4	4535	1	0	0.0
DN5697_c5_g1_i1	1467	1	0	0.0
DN5697_c5_g1_i4	2671	1	0	0.0
DN10903_c0_g1_i1	3808	11	0	0.17973857
DN5992_c0_g1_i1	3807	1	0	0.0
DN5838_c4_g1_i3	5043	8	0	0.029598933
DN5838_c4_g1_i4	5047	4	0	0.017346052
DN5809_c6_g1_i1	5071	6	0	0.015852885
DN6894_c0_g1_i1	2440	5	0	0.26132405
DN5839_c1_g1_i3	2297	10	0	0.090151
DN5839_c1_g1_i4	2238	1	0	0.0
DN5839_c1_g1_i5	2301	1	0	0.0
DN5418_c1_g1_i5	2495	3	0	0.13554727
DN4462_c1_g1_i1	2705	1	0	0.0
DN2846_c1_g1_i1	1640	1	0	0.0
DN5313_c0_g1_i4	7513	1	0	0.0
DN5313_c0_g1_i6	7461	1	0	0.0
DN5313_c0_g1_i9	7520	1	0	0.0
DN4839_c1_g1_i2	1710	1	0	0.0
DN3439_c0_g1_i2	2280	1	0	0.0
DN2946_c0_g1_i1	4196	1	0	0.0
DN2946_c0_g1_i2	4135	1	0	0.0
DN3755_c0_g1_i1	2268	1	0	0.0
DN9029_c0_g1_i1	1781	1	0	0.0
DN9979_c1_g1_i1	6207	16	0	0.020151133
DN5655_c4_g1_i4	1682	1	0	0.0
DN4407_c0_g1_i1	3849	1	0	0.0
DN4407_c0_g1_i3	3978	1	0	0.0
DN4407_c0_g1_i14	4031	1	0	0.0
DN5173_c2_g1_i1	3560	7	0	0.0
DN5539_c2_g1_i1	1956	1	0	0.0
DN3526_c0_g1_i1	4494	22	0	0.08296173
DN4084_c0_g1_i1	4558	20	0	0.0754717
DN4308_c0_g1_i1	11429	3	0	0.0
DN4308_c0_g1_i3	11532	1	0	0.0
DN4308_c0_g1_i5	11540	1	0	0.0
DN3562_c1_g1_i2	2850	6	0	0.024366472
DN3562_c1_g1_i3	2794	7	0	0.0
DN5629_c0_g2_i1	1220	1	0	0.0
DN5629_c0_g2_i2	3087	1	0	0.0
DN5629_c0_g2_i3	2389	22	0	0.07885399
DN5044_c2_g1_i2	4298	13	0	0.04163775
DN5044_c2_g1_i11	3665	1	0	0.0
DN5565_c3_g1_i4	3117	1	0	0.0
DN3327_c1_g1_i2	2008	1	0	0.0
DN3327_c1_g1_i4	1590	1	0	0.0
DN5719_c4_g1_i6	7617	17	0	0.103225805
DN4143_c0_g1_i4	4050	6	0	0.038175225
DN3095_c0_g1_i2	1220	1	0	0.0
DN882_c0_g1_i1	2645	3	0	0.0
DN882_c0_g2_i1	2765	15	0	0.032242462
DN5824_c2_g1_i6	2236	15	0	0.15974441
DN1780_c0_g2_i1	6619	24	0	0.06837022
DN5131_c1_g1_i4	1313	1	0	0.0
DN2159_c0_g2_i1	3076	12	0	0.05242006
DN1881_c0_g1_i1	3760	2	0	0.0
DN3849_c1_g1_i3	4998	22	0	0.32248607
DN3785_c0_g1_i3	8449	6	0	0.010308215
DN5325_c0_g1_i1	2576	1	0	0.0
DN5159_c1_g1_i11	4570	19	0	0.044033468
DN3037_c0_g2_i1	1826	2	0	0.0
DN4486_c2_g1_i4	2397	1	0	0.0
DN2634_c0_g2_i1	1390	1	0	0.0
DN5141_c0_g1_i2	10045	22	0	0.1183043
DN4888_c0_g1_i2	1556	1	0	0.0
DN4471_c0_g1_i35	7975	22	0	0.14671814
DN5932_c0_g1_i1	1536	1	0	0.0
DN5105_c0_g1_i4	4230	23	0	0.106371656
DN5379_c1_g2_i4	4456	15	0	0.090241075
DN5319_c0_g1_i24	6240	23	0	0.06996676
DN5319_c0_g1_i25	6196	1	0	0.0
DN3239_c0_g1_i3	3725	4	0	0.0
DN5830_c2_g2_i2	4060	15	0	0.09322146
DN5755_c2_g3_i4	3237	1	0	0.0
DN5779_c4_g1_i22	8350	10	0	0.057565004
DN4402_c1_g1_i2	4530	1	0	0.0
DN3702_c0_g2_i1	3803	1	0	0.0
DN5127_c0_g2_i1	3160	1	0	0.0
DN5127_c0_g2_i2	3111	1	0	0.0
DN5544_c0_g1_i3	805	1	0	0.0
DN4888_c1_g1_i4	5746	1	0	0.0
DN4888_c1_g1_i5	5439	1	0	0.0
DN5621_c0_g2_i2	4038	17	0	0.08758759
DN1091_c0_g2_i1	3499	1	0	0.0
DN3721_c1_g1_i1	904	1	0	0.0
DN3721_c1_g1_i2	725	1	0	0.0
DN3721_c1_g1_i3	956	1	0	0.0
DN3721_c1_g1_i4	654	1	0	0.0
DN3884_c0_g2_i2	7880	8	0	0.05189414
DN3884_c0_g2_i3	9432	2	0	0.0
DN3884_c0_g2_i5	9524	3	0	0.0
DN3884_c0_g2_i7	7880	5	0	0.011258726
DN5503_c0_g4_i3	2349	10	0	0.08908686
DN5359_c2_g1_i7	5843	1	0	0.0
DN5359_c2_g1_i8	5836	1	0	0.0
DN5359_c2_g1_i13	5733	1	0	0.0
DN5686_c2_g1_i8	1128	1	0	0.0
DN5329_c0_g1_i1	5488	8	0	0.12418932
DN5329_c0_g1_i24	9103	1	0	0.0
DN6176_c0_g1_i1	3395	1	0	0.0
DN4716_c0_g1_i4	6600	1	0	0.0
DN4716_c0_g1_i2	6674	1	0	0.0
DN5771_c3_g1_i22	5191	4	0	0.01682652
DN5771_c3_g1_i26	9747	2	0	0.0
DN5771_c3_g1_i47	5947	1	0	0.0
DN1787_c0_g2_i1	2386	1	0	0.0
DN50_c0_g1_i1	1208	1	0	0.0
DN5696_c3_g1_i9	10434	1	0	0.0
DN5696_c3_g1_i31	5689	1	0	0.0
DN5696_c3_g1_i44	9086	1	0	0.0
DN5696_c3_g1_i47	9425	1	0	0.0
DN5696_c3_g1_i49	3797	1	0	0.0
DN5660_c5_g1_i12	7827	3	0	0.0
DN5660_c5_g1_i13	5864	1	0	0.0
DN5660_c5_g1_i15	7467	1	0	0.0
DN5034_c1_g1_i1	2550	1	0	0.0
DN5034_c1_g2_i1	2612	3	0	0.032113038
DN5370_c0_g1_i8	2673	2	0	0.0
DN5237_c0_g2_i9	6032	7	0	0.054185856
DN5237_c0_g2_i13	7033	22	0	0.099585064
DN1854_c0_g1_i1	3766	11	0	0.095877275
DN8184_c0_g2_i1	1895	1	0	0.0
DN4101_c1_g1_i2	2396	1	0	0.0
DN4101_c1_g1_i3	2318	1	0	0.0
DN5322_c2_g2_i4	6924	7	0	0.012022121
DN5322_c2_g2_i6	5366	1	0	0.0
DN5322_c2_g2_i11	6974	3	0	0.0
DN457_c0_g1_i1	6035	40	0	0.16323866
DN7000_c0_g1_i1	4357	7	0	0.0
DN223_c0_g1_i3	3461	20	0	0.2857853
DN5787_c0_g1_i1	3682	3	0	0.0
DN5787_c0_g1_i2	3848	1	0	0.0
DN4485_c1_g1_i1	4903	1	0	0.0
DN4485_c1_g1_i8	4855	1	0	0.0
DN4979_c0_g1_i6	6944	1	0	0.0
DN5526_c3_g2_i1	4750	1	0	0.0
DN5526_c3_g2_i5	4809	4	0	0.0180538
DN5149_c0_g1_i5	5047	1	0	0.0
DN5149_c0_g1_i20	5105	1	0	0.0
DN5149_c0_g1_i30	6166	1	0	0.0
DN3371_c0_g1_i1	1231	2	0	0.0
DN2683_c2_g1_i1	4084	11	0	0.10620543
DN5230_c1_g1_i1	4096	1	0	0.0
DN4711_c0_g1_i1	5968	35	0	0.09744553
DN5234_c2_g1_i9	2213	1	0	0.0
DN1149_c0_g2_i1	6672	1	0	0.0
DN3013_c0_g1_i1	2742	1	0	0.0
DN5792_c2_g1_i1	7479	9	0	0.0
DN5792_c2_g1_i3	7581	3	0	0.0
DN5919_c0_g1_i1	642	1	0	0.0
DN2843_c0_g1_i3	4847	10	0	0.02819284
DN109_c0_g1_i1	2356	3	0	0.034989502
DN5747_c3_g1_i2	2104	3	0	0.03901678
DN3122_c0_g2_i1	5534	5	0	0.030604439
DN4518_c1_g1_i1	1827	1	0	0.0
DN5848_c0_g1_i1	6014	2	0	0.0
DN5812_c6_g1_i1	2041	9	0	0.049407117
DN4240_c0_g1_i1	3985	1	0	0.0
DN4240_c0_g1_i4	3916	1	0	0.0
DN1898_c0_g2_i1	3075	1	0	0.0
DN5034_c0_g1_i2	5221	33	0	0.3766774
DN5335_c4_g1_i3	5588	1	0	0.0
DN5658_c1_g1_i3	7143	9	0	0.010931351
DN5557_c2_g1_i2	3096	1	0	0.0
DN5557_c2_g1_i6	2732	1	0	0.0
DN5706_c6_g1_i1	3523	1	0	0.0
DN5706_c6_g1_i3	5528	1	0	0.0
DN5706_c6_g1_i6	5620	1	0	0.0
DN10946_c1_g1_i1	3062	11	0	0.2588279
DN5600_c0_g1_i2	13873	44	0	0.090211995
DN5637_c3_g1_i1	3431	1	0	0.0
DN4227_c0_g1_i1	4136	4	0	0.08366451
DN3193_c0_g1_i1	7599	1	0	0.0
DN3193_c0_g1_i3	5381	1	0	0.0
DN2718_c0_g2_i1	1089	1	0	0.0
DN5614_c2_g1_i1	3891	7	0	0.03710575
DN5614_c2_g1_i3	3943	12	0	0.19917268
DN3709_c0_g1_i2	2393	1	0	0.0
DN3709_c0_g1_i3	3765	1	0	0.0
DN447_c0_g2_i1	2306	1	0	0.0
DN5808_c0_g1_i4	9570	2	0	0.0
DN5808_c0_g1_i9	9772	2	0	0.0
DN5686_c0_g1_i4	3509	1	0	0.0
DN3816_c1_g1_i1	2817	5	0	0.05239717
DN3816_c1_g1_i2	2825	6	0	0.024527838
DN5762_c0_g2_i1	3916	9	0	0.46280426
DN3955_c1_g1_i5	2463	7	0	0.07639419
DN3110_c0_g1_i1	3035	1	0	0.0
DN5173_c0_g1_i4	5032	1	0	0.0
DN4298_c1_g1_i2	6400	1	0	0.0
DN5457_c2_g1_i10	4948	20	0	0.12879683
DN9901_c0_g1_i1	488	1	0	0.0
DN4942_c0_g1_i2	1696	1	0	0.0
DN4942_c0_g1_i3	2083	1	0	0.0
DN372_c0_g1_i1	4488	11	0	0.014427933
DN5731_c3_g1_i3	4889	9	0	0.10731259
DN4280_c1_g2_i4	4552	1	0	0.0
DN3522_c1_g1_i2	6227	3	0	0.014863258
DN2642_c0_g1_i1	4748	1	0	0.0
DN2642_c0_g1_i4	4890	1	0	0.0
DN5840_c2_g1_i6	5021	1	0	0.0
DN5709_c4_g1_i14	3869	29	0	0.10231607
DN5709_c4_g1_i19	3920	21	0	0.08993817
DN10945_c0_g1_i1	1613	1	0	0.0
DN5791_c7_g1_i3	6417	4	0	0.0
DN5645_c3_g2_i3	4787	4	0	0.0
DN5645_c3_g2_i6	5566	2	0	0.0
DN5645_c3_g2_i12	5500	1	0	0.0
DN5645_c3_g2_i20	5509	1	0	0.0
DN5672_c3_g1_i14	3870	6	0	0.019673422
DN5672_c3_g1_i17	4108	7	0	0.0
DN5672_c3_g1_i6	4094	2	0	0.0
DN5230_c2_g1_i4	3130	1	0	0.0
DN60_c0_g2_i1	3887	9	0	0.051484466
DN4506_c2_g1_i2	3212	6	0	0.045819014
DN4506_c2_g1_i3	2767	16	0	0.062131096
DN4506_c2_g1_i4	2868	1	0	0.0
DN771_c0_g1_i1	2902	11	0	0.05545287
DN5151_c1_g1_i2	6642	6	0	0.06333924
DN5452_c1_g1_i3	1249	1	0	0.0
DN5452_c1_g1_i4	1853	1	0	0.0
DN2220_c0_g1_i1	1599	1	0	0.0
DN5839_c4_g1_i1	8813	1	0	0.0
DN5839_c4_g1_i7	9043	1	0	0.0
DN4998_c0_g1_i30	8444	3	0	0.0
DN4998_c0_g2_i1	435	1	0	0.0
DN5454_c0_g2_i1	3120	1	0	0.0
DN9198_c0_g1_i1	2791	7	0	0.07022472
DN5502_c0_g1_i26	5506	1	0	0.0
DN5502_c0_g1_i37	5386	1	0	0.0
DN9161_c0_g1_i1	1434	1	0	0.0
DN3981_c2_g1_i4	5440	6	0	0.060845755
DN4909_c3_g1_i1	3139	1	0	0.0
DN5424_c3_g1_i3	2375	1	0	0.0
DN5424_c3_g1_i12	1987	1	0	0.0
DN5424_c3_g1_i14	6390	9	0	0.012006243
DN5712_c1_g1_i3	7026	22	0	0.14280914
DN5712_c1_g1_i14	7182	5	0	0.03665689
DN3812_c1_g1_i1	3794	3	0	0.02328831
DN5745_c7_g5_i3	35474	18909	0	0.20573157
DN5800_c2_g1_i3	16079	1	0	0.0
DN5800_c2_g1_i4	17285	8	0	0.047765628
DN5800_c2_g1_i5	17845	26	0	0.05823143
DN5800_c2_g1_i11	17695	1	0	0.0
DN5827_c5_g1_i5	1920	1	0	0.0
DN4586_c2_g1_i1	2654	7	0	0.0967118
DN1277_c0_g1_i1	1974	1	0	0.0
DN1614_c0_g2_i1	2773	2	0	0.0
DN1614_c0_g2_i2	2700	4	0	0.058088876
DN7922_c0_g2_i1	2953	5	0	0.025322868
DN2783_c0_g1_i1	2734	20	0	0.123085335
DN4997_c0_g3_i3	7382	16	0	0.12631959
DN1647_c1_g1_i1	2832	12	0	0.34074607
DN4968_c2_g2_i1	10766	5	0	0.025581991
DN4968_c2_g2_i6	10628	1	0	0.0
DN2626_c0_g2_i1	1315	1	0	0.0
DN2626_c0_g2_i2	1405	1	0	0.0
DN4981_c1_g1_i1	2742	1	0	0.0
DN4499_c0_g1_i1	6221	17	0	0.06862745
DN5642_c3_g1_i11	6477	2	0	0.0
DN3768_c2_g1_i1	3506	6	0	0.021008404
DN5531_c2_g1_i1	5578	12	0	0.1337874
DN3348_c0_g1_i3	2362	8	0	0.0250501
DN5271_c3_g1_i2	7508	15	0	0.074170224
DN4723_c0_g1_i10	3629	5	0	0.0
DN5762_c2_g2_i3	5624	29	0	0.20130444
DN5132_c0_g2_i1	321	1	0	0.0
DN2448_c0_g1_i1	4046	1	0	0.0
DN2848_c0_g1_i1	2972	1	0	0.0
DN4830_c0_g1_i2	7477	3	0	0.0
DN4830_c0_g1_i3	4254	1	0	0.0
DN4830_c0_g1_i8	7355	5	0	0.0
DN4341_c0_g2_i2	9435	15	0	0.039138943
DN9935_c0_g1_i1	1453	1	0	0.0
DN4681_c1_g1_i1	1484	1	0	0.0
DN4534_c0_g1_i1	1825	1	0	0.0
DN5393_c1_g1_i1	8942	1	0	0.0
DN1227_c0_g1_i1	3057	1	0	0.0
DN4294_c0_g1_i1	904	1	0	0.0
DN4294_c1_g2_i1	2144	1	0	0.0
DN3271_c0_g1_i3	3610	7	0	0.0977326
DN4187_c1_g2_i1	3055	1	0	0.0
DN5706_c8_g1_i1	24103	6	0	0.0039436845
